{
    "white_early_1": [
        0, 0, 0, 0, 0, 0, 0, 0,
        120, 120, 120, 70, 70, 120, 120, 100,
        105, 100, 80, 110, 110, 80, 100, 105,
        80, 80, 80, 122, 121, 80, 80, 80,
        100, 100, 100, 115, 115, 100, 100, 100,
        100, 100, 100, 100, 100, 100, 100, 100,
        150, 150, 150, 150, 150, 150, 150, 150,
        900, 900, 900, 900, 900, 900, 900, 900
    ],
    "white_early_2": [
        220, 250, 260, 260, 260, 260, 250, 220,
        250, 270, 280, 280, 280, 280, 270, 250,
        260, 280, 300, 300, 300, 300, 280, 260,
        260, 280, 300, 300, 300, 300, 280, 260,
        260, 280, 300, 300, 300, 300, 280, 260,
        260, 280, 300, 300, 300, 300, 280, 260,
        250, 270, 280, 280, 280, 280, 270, 250,
        220, 250, 260, 260, 260, 260, 250, 220
    ],
    "white_early_3": [
        220, 250, 260, 260, 260, 260, 250, 220,
        250, 290, 280, 280, 280, 280, 290, 250,
        260, 280, 300, 280, 280, 300, 280, 260,
        321, 280, 320, 300, 300, 320, 280, 321,
        260, 310, 300, 300, 300, 300, 310, 260,
        260, 280, 300, 300, 300, 300, 280, 260,
        250, 270, 280, 280, 280, 280, 270, 250,
        220, 250, 260, 260, 260, 260, 250, 220
    ],
    "white_early_4": [
        480, 480, 480, 510, 500, 510, 480, 480,
        500, 500, 500, 500, 500, 500, 500, 500,
        500, 500, 500, 500, 500, 500, 500, 500,
        500, 500, 500, 500, 500, 500, 500, 500,
        500, 500, 500, 500, 500, 500, 500, 500,
        500, 500, 500, 500, 500, 500, 500, 500,
        530, 530, 530, 530, 530, 530, 530, 530,
        500, 500, 500, 500, 500, 500, 500, 500
    ],
    "white_early_5": [
        890, 890, 890, 890, 890, 890, 890, 890,
        900, 900, 910, 910, 910, 900, 900, 900,
        900, 910, 900, 900, 900, 910, 910, 900,
        900, 900, 900, 900, 900, 900, 900, 900,
        900, 900, 900, 900, 900, 900, 900, 900,
        900, 900, 900, 900, 900, 900, 900, 900,
        900, 900, 900, 900, 900, 900, 900, 900,
        900, 900, 900, 900, 900, 900, 900, 900
    ],
    "white_early_6": [
        380, 400, 400, 200, 300, 250, 400, 380,
        300, 300, 200, 200, 200, 200, 300, 300,
        200, 200, 200, 200, 200, 200, 200, 200,
        180, 180, 180, 180, 180, 170, 180, 180,
        160, 160, 160, 160, 160, 160, 160, 160,
        140, 140, 140, 140, 140, 140, 140, 140,
        130, 130, 130, 130, 130, 130, 130, 130,
        120, 120, 120, 120, 120, 120, 120, 120
    ],
    "white_end_1": [
        0, 0, 0, 0, 0, 0, 0, 0,
        100, 100, 100, 100, 100, 100, 100, 100,
        100, 100, 100, 100, 100, 100, 100, 100,
        100, 100, 100, 100, 100, 100, 100, 100,
        100, 100, 100, 100, 100, 100, 100, 100,
        100, 100, 100, 100, 100, 100, 100, 100,
        100, 100, 100, 100, 100, 100, 100, 100,
        100, 100, 100, 100, 100, 100, 100, 100
    ],
    "white_end_2": [
        220, 250, 260, 260, 260, 260, 250, 220,
        250, 270, 280, 280, 280, 280, 270, 250,
        260, 280, 300, 300, 300, 300, 280, 260,
        260, 280, 300, 300, 300, 300, 280, 260,
        260, 280, 300, 300, 300, 300, 280, 260,
        260, 280, 300, 300, 300, 300, 280, 260,
        250, 270, 280, 280, 280, 280, 270, 250,
        220, 250, 260, 260, 260, 260, 250, 220
    ],
    "white_end_3": [
        270, 300, 310, 310, 310, 310, 300, 270,
        300, 320, 330, 330, 330, 330, 320, 300,
        310, 330, 350, 350, 350, 350, 330, 310,
        310, 330, 350, 350, 350, 350, 330, 310,
        310, 330, 350, 350, 350, 350, 330, 310,
        310, 330, 350, 350, 350, 350, 330, 310,
        300, 320, 330, 330, 330, 330, 320, 300,
        270, 300, 310, 310, 310, 310, 300, 270
    ],
    "white_end_4": [
        500, 500, 500, 500, 500, 500, 500, 500,
        500, 500, 500, 500, 500, 500, 500, 500,
        500, 500, 500, 500, 500, 500, 500, 500,
        500, 500, 500, 500, 500, 500, 500, 500,
        500, 500, 500, 500, 500, 500, 500, 500,
        500, 500, 500, 500, 500, 500, 500, 500,
        500, 500, 500, 500, 500, 500, 500, 500,
        500, 500, 500, 500, 500, 500, 500, 500
    ],
    "white_end_5": [
        890, 900, 900, 900, 900, 900, 900, 890,
        900, 900, 910, 910, 910, 910, 900, 900,
        900, 910, 910, 910, 910, 910, 910, 900,
        900, 910, 910, 910, 910, 910, 910, 900,
        900, 910, 910, 910, 910, 910, 910, 900,
        900, 910, 910, 910, 910, 910, 910, 900,
        900, 900, 910, 910, 910, 910, 900, 900,
        890, 900, 900, 900, 900, 900, 900, 890
    ],
    "white_end_6": [
        220, 250, 250, 250, 250, 250, 250, 220,
        250, 300, 300, 300, 300, 300, 300, 250,
        250, 300, 320, 320, 320, 320, 300, 250,
        250, 300, 320, 350, 350, 320, 300, 250,
        250, 300, 320, 350, 350, 320, 300, 250,
        250, 300, 320, 320, 320, 320, 300, 250,
        250, 300, 300, 300, 300, 300, 300, 250,
        250, 250, 250, 250, 250, 250, 250, 220
    ],
    "black_early_1": [
        -900, -900, -900, -900, -900, -900, -900, -900,
        -200, -200, -200, -200, -200, -200, -200, -200,
        -150, -150, -150, -150, -150, -150, -150, -150,
        -100, -100, -100, -115, -115, -100, -100, -100,
        -80, -80, -80, -122, -121, -80, -80, -80,
        -105, -100, -80, -110, -110, -80, -100, -105,
        -120, -120, -120, -70, -70, -120, -120, -100,
        0, 0, 0, 0, 0, 0, 0, 0
    ],
    "black_early_2": [
        -220, -250, -260, -260, -260, -260, -250, -220,
        -250, -270, -280, -280, -280, -280, -270, -250,
        -260, -280, -300, -300, -300, -300, -280, -260,
        -260, -280, -300, -300, -300, -300, -280, -260,
        -260, -280, -300, -300, -300, -300, -280, -260,
        -260, -280, -300, -300, -300, -300, -280, -260,
        -250, -270, -280, -280, -280, -280, -270, -250,
        -220, -250, -260, -260, -260, -260, -250, -220
    ],
    "black_early_3": [
        -220, -250, -260, -260, -260, -260, -250, -220,
        -250, -270, -280, -280, -280, -280, -270, -250,
        -260, -280, -300, -300, -300, -300, -280, -260,
        -260, -310, -300, -300, -300, -300, -310, -260,
        -321, -280, -320, -300, -300, -320, -280, -321,
        -260, -280, -300, -280, -280, -300, -280, -260,
        -250, -290, -280, -280, -280, -280, -290, -250,
        -220, -250, -260, -260, -260, -260, -250, -220
    ],
    "black_early_4": [
        -500, -500, -500, -500, -500, -500, -500, -500,
        -530, -530, -530, -530, -530, -530, -530, -530,
        -500, -500, -500, -500, -500, -500, -500, -500,
        -500, -500, -500, -500, -500, -500, -500, -500,
        -500, -500, -500, -500, -500, -500, -500, -500,
        -500, -500, -500, -500, -500, -500, -500, -500,
        -500, -500, -500, -500, -500, -500, -500, -500,
        -480, -480, -480, -510, -500, -510, -480, -480
    ],
    "black_early_5": [
        -900, -900, -900, -900, -900, -900, -900, -900,
        -900, -900, -900, -900, -900, -900, -900, -900,
        -900, -900, -900, -900, -900, -900, -900, -900,
        -900, -900, -900, -900, -900, -900, -900, -900,
        -900, -900, -900, -900, -900, -900, -910, -900,
        -900, -910, -900, -910, -900, -910, -910, -900,
        -900, -900, -910, -910, -910, -900, -900, -900,
        -890, -890, -890, -890, -890, -890, -890, -890
    ],
    "black_early_6": [
        -120, -120, -120, -120, -120, -120, -120, -120,
        -130, -130, -130, -130, -130, -130, -130, -130,
        -140, -140, -140, -140, -140, -140, -140, -140,
        -160, -160, -160, -160, -160, -160, -160, -160,
        -180, -180, -180, -180, -180, -180, -180, -180,
        -200, -200, -200, -200, -200, -200, -200, -200,
        -300, -300, -200, -200, -200, -200, -300, -300,
        -380, -400, -400, -200, -300, -250, -400, -380
    ],
    "black_end_1": [
        -900, -900, -900, -900, -900, -900, -900, -900,
        -100, -100, -100, -100, -100, -100, -100, -100,
        -100, -100, -100, -100, -100, -100, -100, -100,
        -100, -100, -100, -100, -100, -100, -100, -100,
        -100, -100, -100, -100, -100, -100, -100, -100,
        -100, -100, -100, -100, -100, -100, -100, -100,
        -100, -100, -100, -100, -100, -100, -100, -100,
        0, 0, 0, 0, 0, 0, 0, 0
    ],
    "black_end_2": [
        -220, -250, -260, -260, -260, -260, -250, -220,
        -250, -270, -280, -280, -280, -280, -270, -250,
        -260, -280, -300, -300, -300, -300, -280, -260,
        -260, -280, -300, -300, -300, -300, -280, -260,
        -260, -280, -300, -300, -300, -300, -280, -260,
        -260, -280, -300, -300, -300, -300, -280, -260,
        -250, -270, -280, -280, -280, -280, -270, -250,
        -220, -250, -260, -260, -260, -260, -250, -220
    ],
    "black_end_3": [
        -270, -300, -310, -310, -310, -310, -300, -270,
        -300, -320, -330, -330, -330, -330, -320, -300,
        -310, -330, -350, -350, -350, -350, -330, -310,
        -310, -330, -350, -350, -350, -350, -330, -310,
        -310, -330, -350, -350, -350, -350, -330, -310,
        -310, -330, -350, -350, -350, -350, -330, -310,
        -300, -320, -330, -330, -330, -330, -320, -300,
        -270, -300, -310, -310, -310, -310, -300, -270
    ],
    "black_end_4": [
        -500, -500, -500, -500, -500, -500, -500, -500,
        -500, -500, -500, -500, -500, -500, -500, -500,
        -500, -500, -500, -500, -500, -500, -500, -500,
        -500, -500, -500, -500, -500, -500, -500, -500,
        -500, -500, -500, -500, -500, -500, -500, -500,
        -500, -500, -500, -500, -500, -500, -500, -500,
        -500, -500, -500, -500, -500, -500, -500, -500,
        -500, -500, -500, -500, -500, -500, -500, -500
    ],
    "black_end_5": [
        -890, -900, -900, -900, -900, -900, -900, -890,
        -900, -900, -910, -910, -910, -910, -900, -900,
        -900, -910, -910, -910, -910, -910, -910, -900,
        -900, -910, -910, -910, -910, -910, -910, -900,
        -900, -910, -910, -910, -910, -910, -910, -900,
        -900, -910, -910, -910, -910, -910, -910, -900,
        -900, -900, -910, -910, -910, -910, -900, -900,
        -890, -900, -900, -900, -900, -900, -900, -890
    ],
    "black_end_6": [
        -220, -250, -250, -250, -250, -250, -250, -220,
        -250, -300, -300, -300, -300, -300, -300, -250,
        -250, -300, -320, -320, -320, -320, -300, -250,
        -250, -300, -320, -350, -350, -320, -300, -250,
        -250, -300, -320, -350, -350, -320, -300, -250,
        -250, -300, -320, -320, -320, -320, -300, -250,
        -250, -300, -300, -300, -300, -300, -300, -250,
        -220, -250, -250, -250, -250, -250, -250, -220
    ]

}
